4209 2065
4211 2009
4213 939
4218 1939
4219 343
4220 1942
4221 284
4223 2072
4224 380
4226 2032
4227 2035
4229 1840
4243 1866
4244 2040
4245 293
4246 2065
4247 111
4248 68
4250 2096
4252 2078
4253 2064
4254 613
4256 1669
4262 343
4263 57
4264 530
4279 321
4280 82
4281 179
4282 349
4287 149
4288 255
4289 424
4293 886
4295 260
4302 100
4303 175
4305 327
4307 341
4308 328
4309 2033
4311 2057
4312 2059
4313 674
4314 2091
4315 360
4316 1806
4318 2042
4320 1547
4321 105
4322 346
4323 1589
4324 97
4325 1791
