3135 143
3173 162
3175 213
3177 196
3178 161
3179 240
3180 244
3181 267
3182 206
3183 217
3184 219
3187 223
3188 100
3191 900
3209 117
3210 112
3211 259
3213 904
3215 905
3216 97
3218 753
3219 1014
3222 799
3249 1376
3252 1671
3253 314
3254 504
3255 787
3260 1088
3261 734
3262 703
3264 486
3266 770
3267 818
3269 1028
3270 907
3278 1594
3279 1402
3280 1091
3281 1186
3282 987
3285 791
3288 1352
3289 628
3290 1085
3293 917
3305 165
3306 383
3307 874
3315 1054
3318 371
3319 174
3333 487
3353 116
3355 1915
3359 1477
3361 1273
3363 1515
3377 302
3378 289
3379 874
3384 704
3389 1919
3390 950
3403 1912
3405 761
3406 556
3407 1531
3408 1936
3409 617
3411 773
3412 54
3413 83
3417 337
3418 52
3421 69
3422 846
3429 409
3431 240
3432 2289
3433 736
