3485 2527
3488 2415
3490 2362
3465 2357
3435 2340
3544 2325
3442 2319
4021 2311
3434 2310
3480 2309
3529 2305
3533 2296
3534 2295
3506 2295
3538 2292
3532 2292
3513 2292
3482 2290
3535 2289
3432 2289
3545 2288
3547 2287
3540 2286
3530 2275
3512 2267
3520 2259
3752 2244
4060 2196
3526 2192
3507 2178
3464 2169
3943 2157
4162 2156
3798 2155
3803 2154
3817 2153
4152 2150
3800 2147
3808 2145
3965 2141
3815 2132
3923 2129
3702 2123
4163 2113
4160 2111
4159 2108
4166 2104
4165 2104
4032 2102
4181 2099
4156 2099
4155 2097
4250 2096
4180 2095
4314 2091
4015 2090
4147 2088
3814 2087
4022 2086
4018 2086
4026 2085
4184 2084
4013 2079
4252 2078
4169 2077
4058 2076
4039 2076
4014 2075
4223 2072
4148 2071
4143 2070
4059 2069
4246 2065
4209 2065
4203 2065
4078 2065
4253 2064
4208 2064
4069 2064
4061 2064
4030 2062
3750 2062
4312 2059
4100 2059
4311 2057
4037 2057
4145 2056
4073 2056
4070 2056
4099 2052
4110 2051
4097 2049
3709 2043
4318 2042
4244 2040
4091 2040
4157 2039
3973 2038
4104 2036
4089 2036
4227 2035
3698 2034
4309 2033
4226 2032
3501 2028
3944 2027
3916 2016
4092 2011
4211 2009
3967 2006
3888 2006
3941 2004
3968 2000
3883 1998
3889 1996
3932 1995
3890 1994
3880 1994
3882 1992
4082 1986
3885 1985
3947 1981
3875 1980
3908 1979
3522 1976
3940 1974
3946 1973
3907 1969
3877 1969
3867 1965
3985 1963
3925 1959
4146 1945
4220 1942
4218 1939
3878 1937
3408 1936
3958 1927
3948 1927
3389 1919
3355 1915
3403 1912
3712 1911
3950 1910
4176 1906
3934 1896
3933 1894
3466 1884
3954 1882
3929 1879
4243 1866
3975 1865
3891 1859
3879 1854
4229 1840
3971 1829
4316 1806
3921 1792
4325 1791
3793 1782
3528 1780
3531 1770
4189 1767
3521 1766
3789 1765
4142 1751
3791 1751
3754 1739
3807 1722
4151 1720
3893 1706
4041 1701
3959 1692
3505 1682
3738 1681
3938 1675
3252 1671
4256 1669
3484 1600
3278 1594
4323 1589
3790 1586
3548 1557
4320 1547
4003 1540
3407 1531
3363 1515
4115 1492
3982 1481
3359 1477
3462 1473
4190 1461
4205 1459
3469 1458
4053 1454
3499 1424
3461 1423
3986 1417
3459 1415
3279 1402
4158 1399
3963 1399
3508 1394
4193 1383
3249 1376
3288 1352
4010 1340
3443 1302
3736 1279
3361 1273
4081 1272
3467 1272
3436 1264
3927 1231
3493 1226
3797 1214
3748 1200
3281 1186
3852 1166
3810 1144
3796 1143
4192 1118
4154 1118
4161 1107
3842 1091
3280 1091
3260 1088
3290 1085
4033 1075
3743 1069
4167 1068
3820 1054
3315 1054
3495 1040
3269 1028
3910 1017
3219 1014
3282 987
4075 981
3463 967
3449 967
3945 958
3390 950
4213 939
3987 936
4204 934
4055 921
3801 921
3718 920
4017 917
3293 917
4071 914
3884 913
3456 909
3964 908
3270 907
3892 905
3215 905
3213 904
4206 902
3881 902
3191 900
3818 891
4293 886
3379 874
3307 874
4054 855
3422 846
4164 833
4113 824
4038 823
3267 818
4016 809
3222 799
4174 797
3285 791
3853 788
3255 787
3713 786
3527 786
4028 776
3411 773
3266 770
3405 761
4044 756
3218 753
3834 746
4067 744
3903 744
3433 736
3261 734
4202 712
3917 707
3384 704
3262 703
4123 686
3788 676
4313 674
4090 661
3829 651
3930 638
3915 636
3289 628
3409 617
4254 613
4137 609
3542 605
3549 600
3699 577
4045 574
3928 567
4183 562
4004 559
4002 558
3406 556
4083 549
3905 547
3949 546
3451 534
4264 530
3720 523
4125 517
3863 516
3920 514
3795 512
4096 508
3254 504
4025 491
3333 487
3264 486
4201 484
3864 484
4080 478
4144 476
4182 468
3719 462
3876 455
3845 450
3895 446
4139 441
3822 437
3523 435
3856 431
4289 424
3229 423
3700 421
3911 417
4112 415
3429 409
3936 406
3492 405
3518 401
3969 399
4068 396
3517 394
3816 391
4095 387
3306 383
4224 380
3874 371
3318 371
3826 369
3500 367
4103 361
4315 360
3813 353
3519 352
3806 350
4282 349
3913 347
4322 346
4262 343
4219 343
4307 341
3417 337
3924 334
3441 332
4308 328
4305 327
4279 321
3981 318
3253 314
3739 305
3899 303
3827 303
3951 302
3804 302
3377 302
3912 297
4007 295
4245 293
3378 289
4221 284
3919 281
3779 278
3974 277
3898 273
3756 270
3181 267
4295 260
3211 259
3865 257
3850 256
4288 255
3843 255
4124 252
4114 248
3870 247
4296 244
3180 244
3431 240
3179 240
3972 239
3848 239
3926 237
3799 232
3939 230
3427 230
3825 229
3722 229
3711 226
3187 223
3809 219
3184 219
3857 217
3183 217
3855 214
3175 213
4009 211
3961 209
3182 206
4085 205
3735 201
3177 196
3771 183
3977 181
3457 180
4281 179
4303 175
3693 175
3319 174
4207 173
4094 172
3498 170
4194 168
3305 165
3402 164
3173 162
3178 161
3147 161
4093 159
3155 159
3970 158
4117 153
4287 149
3778 149
3551 144
3135 143
4177 135
3536 135
4001 134
3167 130
3539 128
3203 124
3849 121
3839 121
4222 120
3734 119
3773 118
3209 117
3353 116
3210 112
4247 111
4304 107
3303 107
3770 106
4321 105
3375 105
3786 104
3957 103
3847 102
3757 101
4302 100
3188 100
3772 98
4324 97
4179 97
3785 97
3741 97
3248 97
3216 97
3200 97
3902 96
4257 95
3504 95
3196 93
3474 91
3202 91
3376 88
3866 87
4261 85
3460 85
3413 83
3145 83
4280 82
3896 82
4153 80
3819 80
4175 79
4228 75
4027 75
3201 75
3550 72
4178 70
3421 69
4248 68
4088 68
3705 67
4260 65
3692 64
3388 63
3204 61
3830 60
3170 60
4074 59
4008 59
3537 59
4263 57
4187 57
3708 57
4191 54
4079 54
3760 54
3412 54
4241 52
4050 52
3846 52
3444 52
3418 52
4286 50
4283 50
4188 50
3841 48
3414 48
3494 47
3446 46
3998 45
3953 45
3684 45
3716 43
3471 43
3897 42
3452 40
3768 39
3323 38
3426 37
4084 36
4020 36
4141 33
3311 33
3346 32
3325 32
4225 30
4150 30
3869 30
4214 29
3690 29
3410 29
4278 28
3453 28
3304 28
4111 27
3860 27
3710 27
3473 27
3424 27
3246 27
4216 26
3833 26
3458 26
3308 26
3780 25
4285 24
4173 24
3721 24
3309 24
3783 23
3782 23
3437 23
3312 23
3450 22
3310 22
3143 22
3862 20
3714 20
3236 20
3134 20
4172 19
4105 19
3868 19
3836 19
3326 19
4140 18
3440 18
3997 17
3691 17
3425 17
3404 17
3313 17
4310 16
3840 16
3438 16
3391 16
3144 16
4301 15
4210 15
4185 15
3324 15
4215 14
3392 14
4284 13
4012 13
3781 13
3224 13
3851 12
4186 11
3765 11
3763 11
3767 10
3503 9
3328 9
3327 9
3447 8
3445 8
3419 8
3386 8
4292 7
3859 7
3320 7
4265 6
4212 6
3858 6
3762 6
3454 6
3206 6
3861 5
3401 5
3343 5
3240 5
3142 5
3141 5
4291 4
4266 4
3382 4
3365 4
3317 4
3239 4
3238 4
3140 4
4306 3
4294 3
4149 3
4065 3
3321 3
3302 3
3223 3
4269 2
4239 2
4118 2
3976 2
3956 2
3844 2
3381 2
3257 2
3241 2
3237 2
3207 2
3168 2
3153 2
4319 1
4300 1
4299 1
4298 1
4290 1
4277 1
4276 1
4268 1
4267 1
4258 1
4255 1
4240 1
4238 1
4217 1
4200 1
4199 1
4198 1
4197 1
4196 1
4195 1
4171 1
4170 1
4136 1
4135 1
4134 1
4133 1
4132 1
4131 1
4130 1
4129 1
4128 1
4127 1
4126 1
4122 1
4119 1
4109 1
4108 1
4107 1
4106 1
4102 1
4098 1
4087 1
4086 1
4077 1
4076 1
4072 1
4066 1
4064 1
4063 1
4057 1
4056 1
4052 1
4051 1
4049 1
4048 1
4047 1
4046 1
4043 1
4042 1
4040 1
4036 1
4035 1
4034 1
4031 1
4024 1
4023 1
4019 1
4006 1
4005 1
4000 1
3999 1
3995 1
3988 1
3983 1
3980 1
3979 1
3978 1
3966 1
3962 1
3960 1
3955 1
3952 1
3942 1
3937 1
3931 1
3918 1
3914 1
3909 1
3906 1
3904 1
3901 1
3900 1
3894 1
3887 1
3886 1
3873 1
3872 1
3871 1
3854 1
3838 1
3837 1
3835 1
3832 1
3831 1
3828 1
3824 1
3821 1
3812 1
3811 1
3805 1
3802 1
3794 1
3792 1
3787 1
3784 1
3777 1
3776 1
3775 1
3769 1
3766 1
3764 1
3761 1
3759 1
3755 1
3753 1
3751 1
3749 1
3747 1
3746 1
3744 1
3737 1
3707 1
3706 1
3704 1
3703 1
3701 1
3697 1
3696 1
3695 1
3694 1
3689 1
3687 1
3686 1
3683 1
3682 1
3681 1
3546 1
3543 1
3541 1
3525 1
3524 1
3515 1
3511 1
3510 1
3509 1
3502 1
3497 1
3496 1
3491 1
3487 1
3486 1
3483 1
3481 1
3479 1
3475 1
3472 1
3470 1
3468 1
3448 1
3439 1
3430 1
3423 1
3420 1
3400 1
3399 1
3398 1
3397 1
3396 1
3395 1
3394 1
3393 1
3387 1
3383 1
3380 1
3374 1
3373 1
3372 1
3371 1
3370 1
3369 1
3368 1
3367 1
3366 1
3364 1
3362 1
3360 1
3358 1
3357 1
3356 1
3354 1
3350 1
3349 1
3347 1
3345 1
3344 1
3342 1
3341 1
3340 1
3339 1
3338 1
3337 1
3336 1
3335 1
3334 1
3332 1
3331 1
3330 1
3329 1
3322 1
3316 1
3314 1
3292 1
3291 1
3287 1
3284 1
3283 1
3277 1
3276 1
3275 1
3274 1
3273 1
3272 1
3271 1
3268 1
3263 1
3259 1
3258 1
3256 1
3251 1
3247 1
3245 1
3244 1
3243 1
3242 1
3235 1
3234 1
3233 1
3232 1
3227 1
3226 1
3225 1
3221 1
3212 1
3208 1
3205 1
3199 1
3198 1
3197 1
3195 1
3193 1
3192 1
3190 1
3189 1
3174 1
3169 1
3165 1
3164 1
3163 1
3162 1
3161 1
3160 1
3159 1
3158 1
3157 1
3156 1
3151 1
3149 1
3148 1
3139 1
3138 1
3137 1
3136 1
