3191 900
3213 904
3215 905
3218 753
3219 1014
3222 799
3255 787
3260 1088
3266 770
3267 818
3269 1028
3270 907
3280 1091
3282 987
3285 791
3290 1085
3293 917
3307 874
3315 1054
3379 874
3390 950
3405 761
3411 773
3422 846
3433 736
3449 967
3456 909
3463 967
3495 1040
3527 786
3713 786
3718 920
3743 1069
3796 1143
3801 921
3881 902
3884 913
3892 905
3903 744
3910 1017
3945 958
3964 908
3987 936
4016 809
4017 917
4028 776
4033 1075
4038 823
4044 756
4054 855
4055 921
4067 744
4071 914
4075 981
4113 824
4154 1118
4161 1107
4164 833
4167 1068
4174 797
4192 1118
4204 934
4206 902
4213 939
4293 886
