3135 143
3173 162
3175 213
3177 196
3178 161
3179 240
3180 244
3181 267
3182 206
3183 217
3184 219
3187 223
3188 100
3209 117
3210 112
3211 259
3216 97
3253 314
3254 504
3261 734
3262 703
3264 486
3289 628
3305 165
3306 383
3318 371
3319 174
3333 487
3353 116
3377 302
3378 289
3384 704
3406 556
3409 617
3412 54
3413 83
3417 337
3418 52
3421 69
3429 409
3431 240
3441 332
3457 180
3460 85
3474 91
3492 405
3500 367
3517 394
3518 401
3519 352
3536 135
3537 59
3539 128
3542 605
3549 600
3550 72
3551 144
3699 577
3700 421
3705 67
3708 57
3711 226
3719 462
3720 523
3722 229
3734 119
3735 201
3739 305
3741 97
3756 270
3757 101
3770 106
3771 183
3773 118
3778 149
3779 278
3785 97
3786 104
3788 676
3795 512
3799 232
3804 302
3806 350
3809 219
3813 353
3816 391
3863 516
3864 484
3865 257
3874 371
3876 455
3898 273
3899 303
3905 547
3911 417
3912 297
3913 347
3915 636
3917 707
3919 281
3920 514
3924 334
3926 237
3928 567
3930 638
3936 406
3939 230
3949 546
3951 302
3969 399
3970 158
3972 239
3974 277
3977 181
3981 318
4001 134
4002 558
4004 559
4007 295
4009 211
4025 491
4045 574
4050 52
4068 396
4080 478
4083 549
4085 205
4088 68
4090 661
4093 159
4094 172
4095 387
4096 508
4103 361
4112 415
4114 248
4123 686
4124 252
4125 517
4137 609
4139 441
4144 476
4175 79
4177 135
4182 468
4183 562
4194 168
4201 484
4202 712
4207 173
4219 343
4221 284
4224 380
4245 293
4247 111
4248 68
4254 613
4262 343
4263 57
4264 530
4279 321
4280 82
4281 179
4282 349
4287 149
4288 255
4289 424
4295 260
4302 100
4303 175
4305 327
4307 341
4308 328
4313 674
4315 360
4321 105
4322 346
4324 97
